0110000100101101
0101000110101110
1111110001101101
1011011111011010
0110100111000110
0001100100111111
1011110000001100
1010001100100110
0001001011100111
0001111011011001
1111101101001001
0111111100101110
0000010110111100
0000110111000111
0010010000010000
1110010010111010
0111011100111111
1000111110010100
0111111010010100
0001000101011010
1110010111001100
0100100111011111
0100010011100000
1001100000011101
0111100111010011
0101111001001001
1010011111010110
1111000000101101
1001111011010100
0100100001101000
0011010010000110
0111000001101011
0000011011111001
1110000001001101
1001110000101111
0011010000011110
1000010100011001
0000110111000111
1101110010111000
0111000101100100
1000110001001010
1001000100011101
1010111000101110
0101111100010010
0001010000000110
0111010011010011
0000110000111111
1011110011111110
0000100110111010
1111010001001001
1011111000001100
1110111111111100
1000001101101011
0011110110101011
0100001010001101
1100001001001100
1111111001001011
0101101101010001
1100000010111011
0001110000101100
1001100011010111
0110111000111011
1011101100010000
0100001011011100
0001100001000101
0111001101110010
1010001111011011
0010000111001101
0111001111101100
1010011011110110
1101001110110110
0100111011011110
0110011100000001
1110001001011100
1011001101011001
0011110111101011
1100001010000100
0100101001111010
0100011100000110
0000000110010000
0101111111101101
0110111111011010
0100110111100110
0100101001110101
0011111000010101
1110111111001010
1101110000110101
0110010110110000
0111101010111011
1001000010100011
0111110101010111
0100010100010010
1111110101011111
0010111100000101
1101110010010101
0000100001011010
0101010011111011
1011111110101101
1010010011110101
0010101101010011
1111001111000011
1000101100010011
0100000001011100
1001010000011101
1110101001011100
1110010101000101
0111101110000101
0111000101010111
0100111111001111
0000111000101001
1100000011111000
0010000111000111
0101101100011101
0110010101010111
1110001010110001
0000010101101111
1101100000010101
0100100110111110
0100000000010110
0111110100000110
1011101010100010
0011001111011110
0011011101011101
1111100111110001
1001011111011110
0100110111101101
1111011110111011
1110010101011110
0011000010100101
0000000001110101
1011011000110110
1101111000100011
0001111001001001
0000100111111101
1001100100100011
1001101010110100
1000010000110100
0000000111101100
1011000001011101
1111001000101110
1101111110100000
0001110011111111
0101101011000101
0011110111101111
1000111101110010
1001110011011011
0100110100000001
1100110001010011
1100101110101111
1100011111110101
0101100111100001
0000110111100110
1011010101101101
1111111000110000
0010100110011000
0001110100010010
1110100110110010
0111101101001101
1101101000001111
1100111101010110
0010111111001111
0011111101001000
0000110111011111
1001101111100100
1100011011111000
1000001011010101
0000011100011010
1111110110001001
1000000000111101
0101010011111101
0010110010000011
1010000000101001
1001001100111100
1100000001000000
0010011101001101
0101101101010110
0010010011011001
1101100111000001
0101011001111110
0100011001110011
0000000110001001
1100110101001010
0111111101010110
1000100110110000
1101111011110100
1011100100001100
1010101100000111
0010110111000111
1000110011101101
1111010110111010
1001100010010100
1100111011111110
1111110000001010
1110001011001011
0011011010111110
0000100011011101
0111001101111100
0000001110001000
0111100101000101
1111001110000001
0011111110111011
0110001011101100
0110111001110010
1101010010110100
1101001100011100
0111001111110111
0110000101101100
1110110100000101
1011110110100111
1011110011010101
1111001001101001
1000001010010101
1100101010111000
0111001111000001
1101100101100101
0110001111110011
1011110100000110
1111100111110111
1000010111110110
0110111000001110
0011010100001000
0101001011001010
0001110001100001
0110000000001101
0101010001110100
0101011110010100
1101000100101110
1000100000011100
1000010101101000
1100011000111001
0001111011001001
1010000000011101
0101100010111101
0101010110101001
1001001100011010
1101110100101011
0011001011010101
1010110000100101
1110011011011110
0011001011111011
0100110001011100
0111111100011011
1110001111010000
1000000001011100
0100011011101001
1000100010110001
1001001100000010
0110100110101101
0000001111000111
1011001111101000
1000000110111010
0110000110011010
0001000010011111
0101101111001011
0011101111110111
0011010000011000
1101000001010011
0110010010111000
0000110110110111
0110000000000011
1100011001100110
0010101001010000
1110100110000111
0101000110110111
0101010001101100
0011010001001000
1100010001101000
0001000111101001
1111001100110101
0010100010000000
0100100101010100
1010111111100111
0010010000100010
1000001100011000
1011100010101000
1110110111001000
1011101101101011
1011111111110110
0110100001000110
0011110101001111
1000010101010110
0011100000010101
1101011110100110
1010100110110101
1101000011110100
1100101100111011
0111100000010111
0100111100111101
1011000000000101
1111110010100010
1100010100011010
1101010001011111
1011010011000001
1001100001100111
1100000010111100
0111111100101001
1101110101111001
0001000101101010
1111011111110010
0001100101001000
1000110000000110
0110011100101001
0001101101100110
1011100101100010
1001110100011010
1100100001110000
1001000100001110
1100111110110010
1001001110100111
1111000110101011
1101111100010111
1000000111110010
1100100111110000
0111100100011000
1101010000101100
0101001010001110
1111100111100100
0100011100111000
0001001010100101
1100000001010000
1101010011001000
1110110000011110
0101001110110111
1100110111010111
1000100111001010
0111011010011010
1101001000011100
1111001110110000
0001001110000110
1011010101101011
0011110000100100
0110011000011110
0100010010100011
1101010100011111
1111111011010000
1010011001010110
1011010000110110
1110111010101011
1011000000001001
1001000101111111
0110000101111111
1010001001110011
0101110011111100
0110100001011001
0101111001100011
0111011111101000
1000000011011111
1110100100011000
0011010011011000
0101011010101110
1001001011111001
0111110010100111
0100001100100000
1001010001100000
1110000011011010
0000111110011010
0111000011011101
0001010110010001
1001000000110000
1000101000010000
1100010010011111
0011101110101011
1001011001011101
0111010101111111
1101110001101001
1010100100101100
0101101010010111
0101100011100001
0100000011110011
1111001111011000
0100110001010110
0010100010001101
0101110001111101
1011110111011011
1011010010110101
1011001101101101
0000000110011000
0101111111010101
1110011011001000
0101000101111111
1001100011011010
0100110000111100
0010000000000000
0110001101101011
1101000101010011
1111101100101110
1101110010101011
0001010101110101
0101011001110100
0011110001110010
0101000101011011
1111110000000100
1000110001011010
1011111111001110
1101011110000011
0010101010111001
1110011100110001
0001101011101001
1011111010111110
1011101010111000
1011011110101100
0010001000101000
0111001000011111
1000001000111111
1000011111001110
1101110000010110
1010110101111111
1100111001001011
1000011111111111
1111010010110101
0001000100010001
1000101010100000
0100100000011010
0111101100011100
1010111101010011
0011010101010000
1001101110110000
0101001110000000
1110000101111111
0010001000100110
0001101000110111
1111010110001000
0010011100100100
0010011100001100
0010011111010010
0001011011101110
0111010001010101
1010101100111100
1101010011010000
1100101001001100
1011011001110100
0111100011111100
1011010101100110
1111010101000011
1000000101111010
0100111000010111
1100101000110001
0011110010000011
0011101111111011
0111011011110110
1001111010010000
1001110110000110
0001111101100100
0001111110110000
0100100011010010
1011110001011000
0110100101001011
1101010000111000
1110111101100011
0110011000101001
0000110101011101
1001001000111001
1011111101100111
0101000111111011
0111111000110000
0011100010111110
1111000001110100
0111101101111000
1000101000111101
0011100010010111
0001100010001111
0000111101100111
1101000111001011
1100010101111111
0011001000011001
1110010100100110
1010111100101110
1010100000100111
1111110110001001
0000100010100000
0110110010011011
0111110101101111
1001010101100000
0001010101010001
1010100011111111
0000110101100011
1000111010001100
1011011001000111
0111110011100111
1001111000011011
0011011010111010
1010010101001001
0110000101110001
0001101010001100
0110000010100100
0100001101001010
0011110111000100
1001111101110111
1000010111011110
0110100111001001
0011011111000001
1101101111001010
1101110001101011
0100100010110000
1001110110001010
1100011110001100
1111010001110000
1110101101101011
0110001010000011
0010100110100010
1100101111110111
0001110100100011
0010100010101000
0101101100010111
1101100100000110
1001010100110001
1001011000001111
1110110100000011
1001001100111000
0000001010001101
1100111100110011
1001101111011010
0111101011011011
0100010010111000
0100001000010010
0111101100100011
0011101000110011
0000110001110001
0010101101010011
0100001000101001
0011001010101010
1001101100001110
1101001011011110
1100111110000100
1100110101011111
1011010101000110
1101110000000000
1100011111110101
0011010000101100
1111111001001011
0001011111110111
1010011010001110
0011011100010101
0011111001101110
0101011011110101
0011001010100111
1000000110111111
1111001101100100
0110010100000100
1001010110011111
1001101101000110
1011011011110010
0110011011001011
1101101111010011
1110101110100100
1100000000110110
0100100100011100
1100101111111100
0010010010001100
1000000100101010
1001110001010110
1011010000101100
0110001000100010
1011101010001010
1110001100100101
0000111001001100
0010001101100010
1101110011110001
0110101111110111
0110100101001011
1111010110001010
1100000000010000
1111101100100010
0011101111000111
0001100010100010
0110001001110011
1000000000010001
1001000111111100
1111101000000100
0111111000101011
0110011010100000
1111111010110111
0100001011010000
1010101001010010
1111011011011001
1010101111010000
0100110010010110
1000011111110111
0000000001011111
1110001000111111
0110011110000101
0100110100011011
1111001101011001
0111010111101101
0100100110100011
0001010110101010
1001010100001001
0010011100101111
0001001010110110
1001010010011111
0100100101111001
0101110010100110
1011100110001110
1101101110111010
0101100100010001
1111011000110100
1111010000011101
0011010010111110
1100010010101011
1001110110010011
1110101100111110
1001101000111111
1011001110111111
1011111001100001
0110001010010110
0100000001100010
0000100101101001
0111100011011101
1010010100100011
0100011101101010
1000010010010010
0011111011100100
0100110000101001
1010011010000101
1110010000110010
1101110001110001
0011010110111100
0110011000101011
1110001101001100
0100000110101011
1111011110000000
1001111010000001
0010101001010100
1101001110000001
1010011111011011
1000101111100100
0100000001010111
0000101001000111
0011101110111110
0101110001110001
1010001000101010
1111110001110000
0011010100001000
1100000111010000
1110001011100110
0111100011100100
0010100010101110
1100111110011000
0111100111111100
0001110111000101
1110000000101111
1010001010011011
0001100011100111
1110100010001111
0000100011110110
0000101000101101
1111110100010010
1010111110101001
0110000001101110
1000000100011011
1100001101110100
0000110010000011
1011100111010110
1011001110001010
0111010101111001
1001010100010001
0101011011001110
0010101110101110
0110011000110001
1110101101110110
0011100111011110
0101110001101010
0101001100010110
0001010101100101
1000001100111110
1101010100110110
1110011110010100
1011100100111101
0110001000001100
0100110001001010
1011000100010100
1110000101100101
1110110010101111
0001010011001100
0111101110010000
0010000011010101
0100000010111110
1110001001001011
0011001000111111
0001111100010001
1000101100101111
0101000010001010
0110000111001101
1100101010100010
1101011011010100
1010111000100011
0110101010111011
1010010010010100
0011011011001110
1001111000000101
1010110011011001
1001100111011100
0101100010100111
0101110101001001
0010101111100110
1100101110011100
0111111000011111
0101101011001000
1100011001101010
0011110010011111
1101100001000111
1101000100000111
1101100010100010
0101111011000100
0110001000011011
1101110010000000
0111011011000010
1001001000001111
1011000111111111
1111010111111110
1000101111011011
1010001011110110
1001001000100110
1110110101010111
1101110100011111
0010101101111010
0010110110111111
0011111001010110
1100000001110100
0011001011111010
1111101110100001
1011010110101010
0010110011101001
1101101110111001
1110100011001111
1111011000101111
1001001000010010
1001000000011000
0010110100111001
1000001110000000
1000110001101000
0010101001001111
0111111001101111
1000100011111101
0011001011100101
1001111110000111
0000011010111100
0101000110011100
1000100001110010
0101001110100111
1001101000101001
0101110010100111
0010001010001010
1110100111101111
1010001111111011
1010100010100101
1010110011100010
1011111010011011
1101011110011000
1000010001000011
0010011011100000
0110000101110011
1101001000101110
0010101111011110
0101010001111001
1111011101101010
1100111001101001
0011100011100001
1111111111110001
0001000001010001
0110110011101100
0110011110000010
0110011001111001
0001110010100110
0110110010011111
1001110100010001
1111110011110001
0011100001001011
0101101010100101
0100010000101000
0100101010011111
0011000000111010
0000010111011010
0111001100001100
0011111001011111
1101111001100100
1000011101010011
1110101000000100
1111100101010011
1001010111011110
0001111001110101
1110110100110001
1001011111110011
1110001000110100
0110110010101010
1001101101110101
0001001000011101
1110110010111101
1010010001011111
0001101011000000
1011001101000001
0110010101010011
0001010110111100
0011011011101000
0011111110110001
0011101000000101
1011001111111000
1100000100010000
1000110000011010
1000110110110001
1010000101101101
1111110001000110
1010001001100000
1001100110110111
1110100011000000
1001001000100010
0101010111011110
1111010100000111
0111000010011110
1001100111111110
1011100001100011
1010110111000100
0011011001110111
0001010011100101
0100011001000100
1101111000010101
1000111100110010
0111011011110001
0110111000101000
1100011000100011
1010011101100111
1010100001100000
0010100100111000
0110111010110000
1000000101001101
0110000000010101
0111101011111001
0101011110101000
1100011011110011
0110001001001010
1011011000101000
0111101100011110
1011101010101011
1111000000000011
1000010001101010
1110011100101111
0011011111011011
1101111110001011
0001010100101011
0111011100100100
0000010110011101
1100111011101011
0010110111100000
0010101001010111
0010111001111101
1011000100000001
0011011010111001
0100110001010000
1100010010110001
1000000001001011
1110100011010010
0000111011001111
0110111111001110
1001001001111111
1001000010101000
1101001011100101
0010000001001000
0100110011010100
0000000010001011
1111001101111011
1100010000101100
1100000001010101
0010001110001100
0101100101101101
0010011010111110
0111111100101001
1100111100000011
1010001000000011
1011000000111011
1010001110111010
1011101010110100
1101110000011110
1010000010000000
0010111000111011
1001001011000100
0010100111011111
1110011111110011
0001001111001100
0101011010101010
1001010010100011
0111100110101001
1100111000101001
1000011111100001
0011101000110001
1011010110100000
0010011000001100
1010100001111010
1010001001001100
0011101010110011
0010111010100110
0010101010010110
0010011001001100
0011001111100111
1111010001111000
0000010000010010
1111010100011111
0000011010010011
1111100010011010
0100110000101111
1000011001101011
1101110011000010
1110010101111010
0011000001100010
1010100100100100
1111000011110100
1111100111000111
0001101110100001
0010110111001100
1011111100011101
0000110010101001
0001001000111111
0111110100110111
1101100110010010
1111111100111110
0000000100011111
1000101011101000
1101110010000001
1110100010111101
1101100001101000
1110000011111101
1011111100000101
0001111000010011
1000001001001111
0010101100111000
1101010011000011
1110110110010010
0010101101100011
1110001000111100
0110001101001010
0110000111110000
0100010101111101
1101111000101101
1011110111010011
0111001010100111
1011010110101010
1111000110111111
0010110010010010
0011111010011101
1010010000010011
1100111100000001
1101101001110110
0110010111101011
0001110110010001
0001010010001101
0101110001000111
1101010000110011
0011011011110000
1100101010000001
1010011110011001
0000011010110001
1100100100101000
1110110000101101
0111111000001000
1101010110000001
0010000110100000
1100001010000001
1110110011111101
1101010100101100
0100001001101000
0011011010001000
1000010110110110
0110010110111001
0111101010100110
1111111001110000
1001101010111111
1111000111100101
0111110110001101
0111000000011101
1100010111001100
1011111001111011
0111000101100010
0000110110010001
0001011001111011
1100110001001000
1010011111010100
0000100001000111
1000111010011011
1011100001000100
0001110001000011
0011011101110110
1100111110011111
0010001101111111
1110000111000100
1110110001101110
0000001101000011
0110000010001101
0010101011110101
1000101001001100
0001101000000110
0000101000001101
1110111011101000
1111100010111010
0101110001100101
1010010011101010
0001000101100100
0011010100111001
0000101000100011
0111100000100111
0010011001101100
1111110111000110
